country_code	country_name	SIGLA	age	1980-1985	1985-1990	1990-1995	1995-2000	2000-2005	2005-2010	2010-2015	2015-2020	2020-2025
76	Brazil	SC	0	0.035128133	0.028447038	0.019757406	0.019222138	0.013323156	0.010797281	0.010021988	0.009893664	0.009334595
76	Brazil	SC	1	0.001406556	0.001031051	0.000914234	0.00085792	0.000534654	0.000473397	0.000422606	0.000326085	0.000422217
76	Brazil	SC	5	0.000538381	0.000557514	0.000470476	0.000467244	0.000218878	0.000228356	0.000232987	0.000144175	0.000184801
76	Brazil	SC	10	0.000575958	0.000583889	0.000601403	0.00046665	0.000259698	0.000255211	0.000217306	0.000234784	0.000173457
76	Brazil	SC	15	0.001243742	0.001286426	0.001373183	0.001426479	0.000417159	0.000408452	0.000407341	0.000412234	0.000399106
76	Brazil	SC	20	0.002114887	0.002053969	0.002057664	0.002237159	0.000532481	0.000519995	0.000492595	0.000453353	0.000456468
76	Brazil	SC	25	0.002100109	0.002435039	0.002572955	0.002674436	0.000660868	0.000660015	0.000556058	0.000541218	0.00056293
76	Brazil	SC	30	0.002645619	0.002733016	0.002513391	0.003103499	0.000913078	0.000889972	0.000833509	0.000732644	0.000747766
76	Brazil	SC	35	0.003347326	0.003610069	0.003243285	0.003676624	0.001274664	0.001241206	0.001207504	0.001064096	0.001094257
76	Brazil	SC	40	0.004870516	0.004659078	0.004824839	0.004795512	0.001916945	0.001833422	0.00183033	0.001589322	0.001700658
76	Brazil	SC	45	0.006809699	0.00717979	0.006866179	0.006752977	0.002911824	0.002705478	0.00263486	0.002309488	0.002381177
76	Brazil	SC	50	0.010378021	0.010872374	0.010371721	0.009107767	0.004403736	0.003805293	0.003781543	0.003602494	0.003735553
76	Brazil	SC	55	0.014865783	0.016539503	0.016402336	0.014471856	0.006937868	0.005967327	0.00556563	0.005266976	0.005157862
76	Brazil	SC	60	0.024612604	0.024127991	0.024257694	0.023340524	0.01065449	0.009318323	0.008388344	0.007929313	0.008362135
76	Brazil	SC	65	0.036396195	0.033874573	0.03734588	0.035813516	0.016858008	0.015200226	0.014204576	0.011969584	0.013193452
76	Brazil	SC	70	0.052130582	0.05548768	0.056690112	0.054836782	0.024854725	0.022460518	0.020986526	0.019400633	0.021168852
76	Brazil	SC	75	0.082791096	0.088580185	0.087851346	0.076132408	0.0437119	0.04018228	0.037459155	0.035167597	0.03815023
76	Brazil	SC	80	0.138570155226635	0.149499813762112	0.144658045513607	0.12572197352992	0.076625953	0.07115905	0.067451656	0.063197118	0.068977591
76	Brazil	SC	85	0.206614754806571	0.227270464918703	0.216335538038804	0.184514042328223	0.129122728	0.123808706	0.120702179	0.113032356	0.122654847
76	Brazil	SC	90	0.296569185819579	0.329809420747078	0.310630786834333	0.262543225192474	0.198474237568717	0.202431783287225	0.193561127496763	0.184116921849308	0.189615007271761
76	Brazil	SC	95	0.405662683007169	0.451575764733769	0.423799893893576	0.359041933341503	0.298298838252117	0.315454644403387	0.302632454947671	0.290964805124652	0.291425594152899
76	Brazil	SC	100	0.524939012409406	0.57943030909746	0.545569383497229	0.468477375035286	0.421903100283467	0.455538854663828	0.439657458037247	0.427341610297525	0.419597232997299
