country_code	name	age	1980	1985	1990	1995	2000	2005	2010	2015	2020
76	Brazil	0-4	229074	236627.417	245631.545	247585.0048	249554	213190	208284	224659	245257
76	Brazil	05_09	217331	231805.9286	248688.0164	257644.2342	266923	254009	219168	217209	237847
76	Brazil	10_14	225479	232452.5125	238136.5428	253358.7529	269554	271641	260515	228888	230564
76	Brazil	15-19	226835	225083.7098	218398.5591	242395.8835	269030	275632	280134	272601	245094
76	Brazil	20-24	185652	198686.3048	212100.6577	229869.5294	249127	276802	286973	295373	294895
76	Brazil	25-29	148422	176540.1124	216273.8971	221958.2473	227792	255894	286958	300236	316196
76	Brazil	30-34	116238	144382.5481	183160.4317	204760.5628	228908	232617	263460	297960	318020
76	Brazil	35-39	92629	117660.4401	150828.1039	183030.8153	222109	232148	237790	272699	313380
76	Brazil	40-44	80577	98390.33138	119437.0803	150194.275	188872	224271	235924	245139	284779
76	Brazil	45-49	66998	78677.6186	90452.81359	118114.6907	154236	189581	225827	240124	252916
76	Brazil	50-54	58386	66427.75531	73857.07816	94281.07407	120353	153968	189920	227833	244592
76	Brazil	55-59	46336	54473.77275	63910.18992	75904.99016	90151	119084	152855	189850	229204
76	Brazil	60-64	36266	44465.74042	55175.01334	63725.47494	73601	87922	116535	150960	188610
76	Brazil	65-69	28047	33956.26364	41166.63847	49501.54531	59524	69773	83929	112580	146917
76	Brazil	70-74	18142	22600.62204	28008.5677	35813.74526	45794	54402	64432	78395	106401
76	Brazil	75-79	11163	14281.16458	18185.55294	23812.67994	31181	39021	47212	56907	70161
76	Brazil	80+	8423	11410.75908	15381.43372	21363.47119	29672	38903	50873	65338	82938
