country_code	name	age	1980	1985	1990	1995	2000	2005	2010	2015	2020
76	Brazil	0-4	238518	246316.0633	255836.1541	256711.5793	257590	222993	217829	235848	257716
76	Brazil	05_09	223809	239945.371	259704.4329	265493.2011	271411	261633	228874	228356	252395
76	Brazil	10_14	231188	239180.9072	246441.0705	260224.1043	274778	275720	267781	239434	244106
76	Brazil	15-19	228393	226363.0907	219030.1229	244765.1841	273524	280755	284320	279826	255246
76	Brazil	20-24	189202	202271.0755	215984.7263	232287.1161	249820	281524	293845	301388	302486
76	Brazil	25-29	151491	178147.5044	215181.8331	221326.6788	227647	256004	292002	307964	322175
76	Brazil	30-34	120734	147986.9982	185084.7238	205115.9038	227315	231494	263096	302773	324857
76	Brazil	35-39	94457	118765.3864	150544.1419	181772.5989	219479	228790	235261	271049	316538
76	Brazil	40-44	83374	101419.8151	123026.0192	151767.6626	187224	219173	230194	240529	280708
76	Brazil	45-49	67625	78795.22845	89781.99164	116976.4668	152408	185564	217974	231413	244925
76	Brazil	50-54	58476	66429.39801	73822.80893	93612.80897	118708	149307	182293	215824	231059
76	Brazil	55-59	46518	53129.45758	60011.28995	72448.79201	87464	114289	144227	177747	212225
76	Brazil	60-64	34959	41856.63272	50423.78213	58547.92168	67981	81633	107769	137313	170922
76	Brazil	65-69	26933	31569.65606	36970.51002	43534.96521	51265	60417	74043	99466	127722
76	Brazil	70-74	16780	20291.75506	24484.21523	29937.75514	36606	42818	51750	64873	88619
76	Brazil	75-79	10188	12269.13275	14649.33747	18413.95029	23146	27834	33495	41611	53540
76	Brazil	80+	6428	8303.590085	10629.70306	14367.63145	19420	24122	30194	37749	48965
